{
  "correlation_matrix": [
    [
      1.0,
      0.69,
      0.52,
      0.52,
      0.43,
      0.21,
      -0.16,
      -0.12,
      -0.15,
      0.38,
      -0.28,
      -0.41
    ],
    [
      0.69,
      1.0,
      0.77,
      0.75,
      0.65,
      0.01,
      -0.34,
      -0.2,
      -0.31,
      0.49,
      -0.24,
      -0.55
    ],
    [
      0.52,
      0.77,
      1.0,
      0.76,
      0.79,
      -0.03,
      -0.73,
      -0.62,
      -0.72,
      0.52,
      0.0,
      -0.39
    ],
    [
      0.52,
      0.75,
      0.76,
      1.0,
      0.89,
      -0.1,
      -0.13,
      -0.12,
      -0.14,
      0.72,
      -0.21,
      -0.46
    ],
    [
      0.43,
      0.65,
      0.79,
      0.89,
      1.0,
      -0.06,
      -0.3,
      -0.13,
      -0.26,
      0.65,
      0.07,
      -0.38
    ],
    [
      0.21,
      0.01,
      -0.03,
      -0.1,
      -0.06,
      1.0,
      -0.01,
      0.01,
      0.04,
      0.13,
      -0.26,
      -0.1
    ],
    [
      -0.16,
      -0.34,
      -0.73,
      -0.13,
      -0.3,
      -0.01,
      1.0,
      0.86,
      0.98,
      -0.04,
      -0.26,
      0.07
    ],
    [
      -0.12,
      -0.2,
      -0.62,
      -0.12,
      -0.13,
      0.01,
      0.86,
      1.0,
      0.92,
      -0.06,
      -0.1,
      -0.1
    ],
    [
      -0.15,
      -0.31,
      -0.72,
      -0.14,
      -0.26,
      0.04,
      0.98,
      0.92,
      1.0,
      -0.05,
      -0.24,
      0.02
    ],
    [
      0.38,
      0.49,
      0.52,
      0.72,
      0.65,
      0.13,
      -0.04,
      -0.06,
      -0.05,
      1.0,
      -0.22,
      -0.33
    ],
    [
      -0.28,
      -0.24,
      0.0,
      -0.21,
      0.07,
      -0.26,
      -0.26,
      -0.1,
      -0.24,
      -0.22,
      1.0,
      0.47
    ],
    [
      -0.41,
      -0.55,
      -0.39,
      -0.46,
      -0.38,
      -0.1,
      0.07,
      -0.1,
      0.02,
      -0.33,
      0.47,
      1.0
    ]
  ],
  "features": [
    "RV_1d",
    "RV_5d",
    "RV_22d",
    "VIX_lag1",
    "VIX_lag5",
    "VIX_change",
    "VRP_lag1",
    "VRP_lag5",
    "VRP_ma5",
    "regime_high",
    "return_5d",
    "return_22d"
  ],
  "n_samples": 1397
}